Human.autosomes.b37 <- c(293.40, 274.88, 227.86, 220.31, 208.96, 198.27, 190.61, 178.16, 
                         180.48, 183.12, 161.86, 175.14, 129.80, 116.77, 150.85, 131.14, 
                         128.54, 120.15, 106.86, 110.21,  64.66,  75.12)


